47
Eleutherodactylus_longipes         0.0000000 0.4955319 0.6315174 0.5946793 0.6782671 0.6860115 0.7949710 0.6506746 0.7560624 0.5086338 0.6248408 0.5956246 0.5631803 0.4869755 1.4688220 0.9367326 1.3279171 1.4305588 1.4560773 1.5522493 1.3900694 1.6705700 0.8601182 1.0932760 0.8816010 0.9540603 1.0317834 0.9904820 1.0429715 1.5479785 1.1871538 1.3638163 1.3649168 1.4555812 2.0859095 1.1574723 1.2025032 1.6627721 1.6825383 1.1259497 1.8502014 2.0090422 1.6052796 1.5633334 1.9926409 1.4193174 1.5474872 
Eleutherodactylus_leprus           0.4955319 0.0000000 0.4956277 0.4769887 0.5689244 0.7663426 0.9911389 0.6948184 0.9916457 0.6457204 0.7061873 0.5952965 0.6056580 0.5295332 1.3986953 0.8604368 1.2707712 1.5941932 1.2465784 1.3718323 1.1665885 1.2310057 0.8157548 0.9436656 0.8691614 1.1301551 1.0635780 1.0311800 1.1670902 1.5091725 1.3001725 1.4938438 1.2428898 1.0441469 1.4431449 1.3834363 1.2830049 1.2069854 1.1752004 1.2927254 1.3919968 1.7873450 1.5878152 1.4320725 1.3981835 1.3911176 1.4346139 
Eleutherodactylus_verrucipes       0.6315174 0.4956277 0.0000000 0.0839635 0.4966564 0.5581482 0.6234802 0.6001728 0.6952870 0.4523793 0.5422301 0.5002425 0.5199697 0.4398682 1.3266838 0.8827812 1.3235546 1.6260205 1.1752251 1.4613137 1.2084928 1.2501473 0.8999569 1.0737545 0.8839795 0.9031138 0.8519399 0.8773745 0.9295721 1.8474450 1.5415607 1.4746544 1.3663327 1.4379805 1.4592696 1.3220526 1.3793930 1.2640904 1.2216647 1.0149197 1.8606101 1.7945821 1.5827023 1.6821078 1.5505233 1.2418139 1.4529719 
Eleutherodactylus_guttilatus       0.5946793 0.4769887 0.0839635 0.0000000 0.4888203 0.5513266 0.5673951 0.5159726 0.6705666 0.4382187 0.4719667 0.4708730 0.4372165 0.4391910 1.3028008 0.8248756 1.4771106 1.4380288 1.2451807 1.4785403 1.2882430 1.4296129 0.8191923 0.9856052 0.8110391 0.8452636 0.8501045 0.8558608 0.8886578 1.7440675 1.4857251 1.3331599 1.4085339 1.3948692 1.5221535 1.3410356 1.3717741 1.2961199 1.2956399 1.0166290 1.8814118 1.8661348 1.8286997 1.6120868 1.6146520 1.2563586 1.5136923 
Eleutherodactylus_cystignathoides  0.6782671 0.5689244 0.4966564 0.4888203 0.0000000 0.6383605 0.8269092 0.8585289 0.8380554 0.6837541 0.7018272 0.6811235 0.6302853 0.6495529 1.1298441 0.9181877 1.2052385 1.4229272 1.1980033 1.8601355 1.5545859 1.2317253 1.0788330 0.9511418 0.7164637 0.9502853 0.9288536 0.9020144 0.9932179 1.6536037 1.8422477 2.0015304 1.6267111 1.4986738 1.8334744 1.2438191 1.2976608 1.4472894 1.4329114 1.1167541 1.9722304 1.8441055 1.6197840 1.5150713 1.4933465 1.2799977 1.6141862 
Eleutherodactylus_angustidigitorum 0.6860115 0.7663426 0.5581482 0.5513266 0.6383605 0.0000000 0.4043898 0.3622695 0.4632721 0.3562605 0.5158342 0.4401829 0.4353918 0.4124131 1.8266206 0.8732668 1.5211703 1.4699518 1.3765965 1.6713064 1.5498427 1.6067997 1.0492215 1.0308944 1.1320909 1.0399714 1.0573241 1.1009033 1.0793449 1.6545667 1.3630694 1.2737472 1.8455245 1.5393966 1.8778233 1.5543379 1.6843035 1.3736821 1.2966643 1.2368125 2.3551621 2.0865700 1.8426052 1.6257357 1.7138216 1.3070482 1.4705973 
Eleutherodactylus_manantlanensis   0.7949710 0.9911389 0.6234802 0.5673951 0.8269092 0.4043898 0.0000000 0.3266223 0.5323928 0.4140167 0.7337062 0.5178260 0.5762862 0.4964430 1.6790023 1.0490194 1.5896708 1.8382634 1.5776118 1.7100646 1.4229168 1.7512432 1.1257850 1.2972117 1.2580413 1.2405112 1.2527468 1.2423066 1.2509609 1.8209301 1.4809430 1.5766771 2.0233205 1.6404202 2.0148193 1.3599963 1.5823232 1.8149816 1.6813352 1.1506549 2.6314187 2.3524198 2.1484685 1.9340947 2.1185801 1.3793065 1.4054533 
Eleutherodactylus_nietoi           0.6506746 0.6948184 0.6001728 0.5159726 0.8585289 0.3622695 0.3266223 0.0000000 0.4032092 0.4123399 0.4528507 0.3747817 0.4608967 0.4438793 1.7526664 0.8529754 1.2786765 1.5154255 1.0892586 1.5613752 1.3249521 1.4020639 0.8974232 1.0073768 1.0416186 1.0347556 1.0274276 0.9597435 1.0564574 1.5293518 0.9520026 1.1859255 1.6398891 1.3744269 1.9849057 1.2288499 1.2653295 1.4780543 1.4352970 1.1152017 1.7235846 1.6338254 1.5086459 1.3413127 1.2194108 0.9947121 1.1263127 
Eleutherodactylus_pallidus         0.7560624 0.9916457 0.6952870 0.6705666 0.8380554 0.4632721 0.5323928 0.4032092 0.0000000 0.5583065 0.6001289 0.4575511 0.5073437 0.6243686 1.6500496 1.0062227 1.6968949 2.0077799 1.5107536 1.8351022 1.5145526 1.9536900 1.3315199 1.0735023 1.1244469 0.9270217 1.0025703 0.9637186 0.9401018 1.8446454 1.6834369 1.7881099 2.1683605 1.8436134 2.2469456 1.7307953 1.8120551 1.6638222 1.6000634 1.3448544 2.0525019 1.6873210 2.0392942 1.5708272 1.5750562 1.4756864 1.3871227 
Eleutherodactylus_erythrochomus    0.5086338 0.6457204 0.4523793 0.4382187 0.6837541 0.3562605 0.4140167 0.4123399 0.5583065 0.0000000 0.4308865 0.3800336 0.3732714 0.2509585 1.6013374 0.8568143 1.4898895 1.3430258 1.2673508 1.4850992 1.2908234 1.4755516 0.9493659 0.9873336 0.9885828 0.8721621 0.9036037 0.9062679 0.9145346 1.5397544 1.1071827 1.2250003 1.4797277 1.4084899 1.5019418 1.0201457 1.4052219 1.3697166 1.2710666 1.0490587 1.6046709 1.5061359 1.3415162 1.0811058 1.3024391 1.0332415 1.1510808 
Eleutherodactylus_syristes         0.6248408 0.7061873 0.5422301 0.4719667 0.7018272 0.5158342 0.7337062 0.4528507 0.6001289 0.4308865 0.0000000 0.1761511 0.3052494 0.3932703 1.7091352 0.9055918 1.4599134 1.6886747 1.4295649 2.3316942 1.9989281 1.6465511 0.8649098 1.1708890 1.1346204 0.9849981 1.0018456 0.9856790 1.0090881 1.5716202 1.5207490 1.9341322 1.8286488 1.5424295 2.4807021 1.4710831 1.4859491 1.1313393 1.1334814 1.2923318 1.6600319 1.8581763 1.7206014 1.4285760 1.5705201 1.0643435 1.2957752 
Eleutherodactylus_maurus           0.5956246 0.5952965 0.5002425 0.4708730 0.6811235 0.4401829 0.5178260 0.3747817 0.4575511 0.3800336 0.1761511 0.0000000 0.2375403 0.3052798 1.3591169 0.8490080 1.2924608 1.6895877 1.3454626 1.5376099 1.3100765 1.5845437 0.8271695 1.0853589 1.0937732 0.9261933 0.9117281 0.9228884 0.9800237 1.7301891 1.5015159 1.7000207 1.7628194 1.3205723 1.6969001 1.4063248 1.5002759 1.1163497 0.9691712 1.1649976 1.4502483 1.3967208 1.4244320 1.1976344 1.4557992 1.0350897 1.2861618 
Eleutherodactylus_nitidus          0.5631803 0.6056580 0.5199697 0.4372165 0.6302853 0.4353918 0.5762862 0.4608967 0.5073437 0.3732714 0.3052494 0.2375403 0.0000000 0.3848046 1.5329736 0.7893771 1.3442409 1.6488399 1.3070079 1.9867429 1.6284178 1.5590735 0.8776847 1.0608527 1.1139516 0.9292961 0.8964076 0.8990736 0.9177879 1.6960921 1.3551958 1.7807159 1.5387525 1.4498024 2.0023038 1.2853859 1.4852061 1.2690012 1.1765780 1.3131382 1.8790442 1.9325782 1.7829767 1.4093906 1.6418605 1.1451984 1.4614955 
Eleutherodactylus_rubrimaculatus   0.4869755 0.5295332 0.4398682 0.4391910 0.6495529 0.4124131 0.4964430 0.4438793 0.6243686 0.2509585 0.3932703 0.3052798 0.3848046 0.0000000 1.7313417 0.8408942 1.2377049 1.3863775 1.1537953 1.4237434 1.2666837 1.6755624 0.9164446 1.0437811 0.8425920 0.8965318 0.9379649 0.9219345 1.0212231 1.3918030 1.2204410 1.3597034 1.4262509 1.2756773 1.5100515 1.0597762 1.4190873 1.1861820 1.1173527 1.2024139 1.8113182 1.8073685 1.4704782 1.2993028 1.5611364 1.2409359 1.3472371 
Diasporus_amirae                   1.4688220 1.3986953 1.3266838 1.3028008 1.1298441 1.8266206 1.6790023 1.7526664 1.6500496 1.6013374 1.7091352 1.3591169 1.5329736 1.7313417 0.0000000 1.3894890 1.3484418 1.7691875 1.5826091 0.5740398 0.5777526 1.6315108 1.1013965 1.3787331 1.3804889 1.2790752 1.2775382 1.2379383 1.3012639 2.0288816 2.0066063 1.8722619 1.4232792 1.4447268 0.8856866 1.2818592 1.4000557 1.4947893 1.4868667 1.2779815 1.6932540 1.8458501 1.2688411 1.3435345 1.4030878 1.5436114 1.4201554 
Eleutherodactylus_planirostris     0.9367326 0.8604368 0.8827812 0.8248756 0.9181877 0.8732668 1.0490194 0.8529754 1.0062227 0.8568143 0.9055918 0.8490080 0.7893771 0.8408942 1.3894890 0.0000000 1.0889279 1.2245936 1.3585113 1.4947147 1.3395535 0.9871680 0.3860711 0.3621727 0.3252330 0.3773286 0.3648834 0.3535068 0.3725647 1.5172751 1.0274719 1.1670930 1.4199727 1.3697881 1.5740662 1.1300448 1.0806516 1.0682795 0.9646912 1.1256082 2.1757055 2.0526210 1.4335707 1.5710166 1.2186891 1.0855852 1.1138565 
Eleutherodactylus_coqui            1.3279171 1.2707712 1.3235546 1.4771106 1.2052385 1.5211703 1.5896708 1.2786765 1.6968949 1.4898895 1.4599134 1.2924608 1.3442409 1.2377049 1.3484418 1.0889279 0.0000000 1.3954292 1.1662260 1.1358417 1.2962890 0.7132056 0.9635463 1.1443986 1.0440554 1.1076630 1.1217228 1.1251586 1.0987955 1.6165559 1.3139599 1.6789385 1.3900250 1.3487142 1.2036251 0.5941145 0.6251170 1.1616285 1.1821984 0.8354455 1.9191339 1.5494654 1.0944616 1.3811679 1.2259246 1.1526517 1.0801720 
Adelophryne_baturitensis           1.4305588 1.5941932 1.6260205 1.4380288 1.4229272 1.4699518 1.8382634 1.5154255 2.0077799 1.3430258 1.6886747 1.6895877 1.6488399 1.3863775 1.7691875 1.2245936 1.3954292 0.0000000 0.6736457 1.5870570 1.5072782 1.3554085 1.1690231 1.1281376 0.9945109 1.2794247 1.1328376 1.0916751 1.2203692 0.9472877 0.9749390 1.0606997 0.9078211 0.7943252 1.7298517 1.0964576 1.5123367 1.1953366 1.1583678 1.1902652 1.2774860 1.0413966 1.0304146 1.1457400 1.0557465 1.2787635 1.1337730 
Adelophryne_maranguapensis         1.4560773 1.2465784 1.1752251 1.2451807 1.1980033 1.3765965 1.5776118 1.0892586 1.5107536 1.2673508 1.4295649 1.3454626 1.3070079 1.1537953 1.5826091 1.3585113 1.1662260 0.6736457 0.0000000 1.4759452 1.5560200 1.4096780 1.2952985 1.2271898 1.1826620 1.3046044 1.2265049 1.1870808 1.2893980 1.0564484 0.6912229 0.9414199 0.8379259 0.7953713 1.6043630 1.2290362 1.3716588 0.7715813 0.7175344 0.9901143 1.2756059 0.9771534 1.0032485 1.1782091 1.0166344 0.9798310 0.9470620 
Diasporus_diastema                 1.5522493 1.3718323 1.4613137 1.4785403 1.8601355 1.6713064 1.7100646 1.5613752 1.8351022 1.4850992 2.3316942 1.5376099 1.9867429 1.4237434 0.5740398 1.4947147 1.1358417 1.5870570 1.4759452 0.0000000 0.2367076 1.2575852 1.3914883 1.3985441 1.5267097 1.3915551 1.3926810 1.3146198 1.4437861 2.4674223 1.5497238 1.5779917 1.3417028 1.3881744 0.6117243 0.9048917 1.1363666 1.5641910 1.5809654 1.0006839 2.0846689 1.6771549 1.1640791 1.3732146 1.4447061 1.8209479 1.4253234 
Diasporus_quidditus                1.3900694 1.1665885 1.2084928 1.2882430 1.5545859 1.5498427 1.4229168 1.3249521 1.5145526 1.2908234 1.9989281 1.3100765 1.6284178 1.2666837 0.5777526 1.3395535 1.2962890 1.5072782 1.5560200 0.2367076 0.0000000 1.3655400 1.2641200 1.3328455 1.3718782 1.2669066 1.3206518 1.3128921 1.3251428 2.0467108 1.4265422 1.4407420 1.4812333 1.3726616 0.6906452 0.9805995 1.2205336 1.3594023 1.3355484 0.8507824 1.6554643 1.4485055 1.0030197 1.2458353 1.1876625 1.6285980 1.2995556 
Eleutherodactylus_johnstonei       1.6705700 1.2310057 1.2501473 1.4296129 1.2317253 1.6067997 1.7512432 1.4020639 1.9536900 1.4755516 1.6465511 1.5845437 1.5590735 1.6755624 1.6315108 0.9871680 0.7132056 1.3554085 1.4096780 1.2575852 1.3655400 0.0000000 1.0035838 1.0845821 0.8942873 1.0749056 0.9947937 0.9920913 0.9909034 1.5829540 1.1601174 1.6130177 1.1673225 1.4069698 1.5851889 0.6307537 0.6127095 1.0704880 1.1096029 0.5374213 1.7114854 1.5074324 1.1357674 1.5191509 1.5490689 1.3353941 1.2853753 
Eleutherodactylus_atkinsi          0.8601182 0.8157548 0.8999569 0.8191923 1.0788330 1.0492215 1.1257850 0.8974232 1.3315199 0.9493659 0.8649098 0.8271695 0.8776847 0.9164446 1.1013965 0.3860711 0.9635463 1.1690231 1.2952985 1.3914883 1.2641200 1.0035838 0.0000000 0.3459599 0.3762472 0.3933010 0.3424036 0.3222281 0.3748808 1.5962366 1.2787400 1.5449938 1.3893988 1.0620194 1.2387912 0.8976376 0.9074357 1.2514340 1.1199488 1.2221862 2.1429772 1.9311782 1.2238117 1.4200010 1.1976761 1.3848630 1.1627552 
Eleutherodactylus_cubanus          1.0932760 0.9436656 1.0737545 0.9856052 0.9511418 1.0308944 1.2972117 1.0073768 1.0735023 0.9873336 1.1708890 1.0853589 1.0608527 1.0437811 1.3787331 0.3621727 1.1443986 1.1281376 1.2271898 1.3985441 1.3328455 1.0845821 0.3459599 0.0000000 0.2621400 0.2472839 0.2124739 0.2293025 0.2378844 1.6951099 1.2078225 1.4811586 1.5416013 1.5364653 1.5379193 1.0782617 1.0628183 1.2361659 1.1926143 1.0749883 1.7780527 1.6032651 1.1884884 1.3954243 1.1691699 1.1018530 1.0101549 
Eleutherodactylus_etheridgei       0.8816010 0.8691614 0.8839795 0.8110391 0.7164637 1.1320909 1.2580413 1.0416186 1.1244469 0.9885828 1.1346204 1.0937732 1.1139516 0.8425920 1.3804889 0.3252330 1.0440554 0.9945109 1.1826620 1.5267097 1.3718782 0.8942873 0.3762472 0.2621400 0.0000000 0.3042194 0.2578598 0.2391760 0.2737472 1.7106425 1.2042380 1.4580241 1.5406268 1.2803747 1.1891257 1.0157624 1.0435017 1.0907263 1.0201584 0.8797156 1.8481944 1.7290682 1.4775877 1.4932874 1.3534175 1.2605916 1.2718592 
Eleutherodactylus_iberia           0.9540603 1.1301551 0.9031138 0.8452636 0.9502853 1.0399714 1.2405112 1.0347556 0.9270217 0.8721621 0.9849981 0.9261933 0.9292961 0.8965318 1.2790752 0.3773286 1.1076630 1.2794247 1.3046044 1.3915551 1.2669066 1.0749056 0.3933010 0.2472839 0.3042194 0.0000000 0.0935698 0.1091355 0.0488497 1.4440321 1.0619375 1.6201419 1.5932433 1.2493732 1.4586772 1.0196615 0.9682157 1.2012169 1.1238953 1.0107482 1.6950376 1.6270715 1.2025486 1.3424281 1.3283078 1.1022097 1.0936747 
Eleutherodactylus_jaumei           1.0317834 1.0635780 0.8519399 0.8501045 0.9288536 1.0573241 1.2527468 1.0274276 1.0025703 0.9036037 1.0018456 0.9117281 0.8964076 0.9379649 1.2775382 0.3648834 1.1217228 1.1328376 1.2265049 1.3926810 1.3206518 0.9947937 0.3424036 0.2124739 0.2578598 0.0935698 0.0000000 0.0368143 0.0878725 1.5086501 1.1866214 1.6819254 1.6117052 1.3623989 1.2906707 1.0065586 0.9084730 1.1452828 1.0714051 1.0718813 1.7276573 1.5238937 1.1827582 1.4100181 1.2153694 1.1938141 1.0175665 
Eleutherodactylus_limbatus         0.9904820 1.0311800 0.8773745 0.8558608 0.9020144 1.1009033 1.2423066 0.9597435 0.9637186 0.9062679 0.9856790 0.9228884 0.8990736 0.9219345 1.2379383 0.3535068 1.1251586 1.0916751 1.1870808 1.3146198 1.3128921 0.9920913 0.3222281 0.2293025 0.2391760 0.1091355 0.0368143 0.0000000 0.0822457 1.5008396 1.1968621 1.6688743 1.5548194 1.2766490 1.2906764 0.9796095 0.9013539 1.0953359 1.0615806 1.0887713 1.7149799 1.5280745 1.1928761 1.3900391 1.2739298 1.2009638 1.0438828 
Eleutherodactylus_orientalis       1.0429715 1.1670902 0.9295721 0.8886578 0.9932179 1.0793449 1.2509609 1.0564574 0.9401018 0.9145346 1.0090881 0.9800237 0.9177879 1.0212231 1.3012639 0.3725647 1.0987955 1.2203692 1.2893980 1.4437861 1.3251428 0.9909034 0.3748808 0.2378844 0.2737472 0.0488497 0.0878725 0.0822457 0.0000000 1.4891277 1.1368623 1.6038166 1.5707542 1.3056091 1.4007535 1.0046893 0.9511374 1.1383124 1.0823083 0.9682579 1.7766697 1.6516032 1.2127315 1.3511685 1.2832178 1.1827752 1.0259863 
Adelophryne_pachydactyla           1.5479785 1.5091725 1.8474450 1.7440675 1.6536037 1.6545667 1.8209301 1.5293518 1.8446454 1.5397544 1.5716202 1.7301891 1.6960921 1.3918030 2.0288816 1.5172751 1.6165559 0.9472877 1.0564484 2.4674223 2.0467108 1.5829540 1.5962366 1.6951099 1.7106425 1.4440321 1.5086501 1.5008396 1.4891277 0.0000000 1.0073865 1.2616442 1.2232786 1.0642798 2.9198819 1.6600762 1.8540805 1.2145215 1.1123910 1.5833517 1.5382071 1.6441943 1.6096602 1.4910354 1.3614197 1.2687233 1.1418273 
Adelophryne_patamona               1.1871538 1.3001725 1.5415607 1.4857251 1.8422477 1.3630694 1.4809430 0.9520026 1.6834369 1.1071827 1.5207490 1.5015159 1.3551958 1.2204410 2.0066063 1.0274719 1.3139599 0.9749390 0.6912229 1.5497238 1.4265422 1.1601174 1.2787400 1.2078225 1.2042380 1.0619375 1.1866214 1.1968621 1.1368623 1.0073865 0.0000000 0.5622797 0.5372583 0.7778539 1.7836086 1.1903938 1.1578254 1.0262004 1.0661972 1.1962095 1.3600082 1.4590481 1.2993706 1.3552188 1.1605984 0.7968435 0.8185779 
Adelophryne_adiastola              1.3638163 1.4938438 1.4746544 1.3331599 2.0015304 1.2737472 1.5766771 1.1859255 1.7881099 1.2250003 1.9341322 1.7000207 1.7807159 1.3597034 1.8722619 1.1670930 1.6789385 1.0606997 0.9414199 1.5779917 1.4407420 1.6130177 1.5449938 1.4811586 1.4580241 1.6201419 1.6819254 1.6688743 1.6038166 1.2616442 0.5622797 0.0000000 0.6800257 1.1336718 1.6037938 1.2158371 1.5856077 1.2772388 1.3296804 1.2299806 1.6605961 1.5144060 1.3470129 1.3305929 1.2432152 0.8713088 0.9504422 
Adelophryne_gutturosa              1.3649168 1.2428898 1.3663327 1.4085339 1.6267111 1.8455245 2.0233205 1.6398891 2.1683605 1.4797277 1.8286488 1.7628194 1.5387525 1.4262509 1.4232792 1.4199727 1.3900250 0.9078211 0.8379259 1.3417028 1.4812333 1.1673225 1.3893988 1.5416013 1.5406268 1.5932433 1.6117052 1.5548194 1.5707542 1.2232786 0.5372583 0.6800257 0.0000000 1.0213543 1.5579209 1.3152212 1.4763538 1.1687703 1.1966383 1.1314446 1.2285543 1.2694895 1.0552804 1.0419507 1.1762394 1.0119911 0.8763182 
Phyzelaphryne_miriamae             1.4555812 1.0441469 1.4379805 1.3948692 1.4986738 1.5393966 1.6404202 1.3744269 1.8436134 1.4084899 1.5424295 1.3205723 1.4498024 1.2756773 1.4447268 1.3697881 1.3487142 0.7943252 0.7953713 1.3881744 1.3726616 1.4069698 1.0620194 1.5364653 1.2803747 1.2493732 1.3623989 1.2766490 1.3056091 1.0642798 0.7778539 1.1336718 1.0213543 0.0000000 1.2742559 1.3773744 1.5153306 0.9721757 0.9511280 1.4667561 1.2450906 1.1102844 1.1015253 1.3029606 1.2379483 1.2387259 1.1692771 
Diasporus_hylaeformis              2.0859095 1.4431449 1.4592696 1.5221535 1.8334744 1.8778233 2.0148193 1.9849057 2.2469456 1.5019418 2.4807021 1.6969001 2.0023038 1.5100515 0.8856866 1.5740662 1.2036251 1.7298517 1.6043630 0.6117243 0.6906452 1.5851889 1.2387912 1.5379193 1.1891257 1.4586772 1.2906707 1.2906764 1.4007535 2.9198819 1.7836086 1.6037938 1.5579209 1.2742559 0.0000000 1.2655864 1.2943451 1.5144756 1.4265184 1.2823002 1.9461333 1.8901653 1.3546907 1.7222134 1.2724341 1.7764393 1.5272774 
Eleutherodactylus_principalis      1.1574723 1.3834363 1.3220526 1.3410356 1.2438191 1.5543379 1.3599963 1.2288499 1.7307953 1.0201457 1.4710831 1.4063248 1.2853859 1.0597762 1.2818592 1.1300448 0.5941145 1.0964576 1.2290362 0.9048917 0.9805995 0.6307537 0.8976376 1.0782617 1.0157624 1.0196615 1.0065586 0.9796095 1.0046893 1.6600762 1.1903938 1.2158371 1.3152212 1.3773744 1.2655864 0.0000000 0.3860787 1.4028042 1.5223278 0.4896002 1.3866409 1.4170020 1.1552350 1.0603582 1.2880128 1.3219442 0.9945625 
Eleutherodactylus_glamyrus         1.2025032 1.2830049 1.3793930 1.3717741 1.2976608 1.6843035 1.5823232 1.2653295 1.8120551 1.4052219 1.4859491 1.5002759 1.4852061 1.4190873 1.4000557 1.0806516 0.6251170 1.5123367 1.3716588 1.1363666 1.2205336 0.6127095 0.9074357 1.0628183 1.0435017 0.9682157 0.9084730 0.9013539 0.9511374 1.8540805 1.1578254 1.5856077 1.4763538 1.5153306 1.2943451 0.3860787 0.0000000 1.4095722 1.4870966 0.6819294 1.7594389 1.8227538 1.3174827 1.5277217 1.5826720 1.1928693 1.4096682 
Eleutherodactylus_mariposa         1.6627721 1.2069854 1.2640904 1.2961199 1.4472894 1.3736821 1.8149816 1.4780543 1.6638222 1.3697166 1.1313393 1.1163497 1.2690012 1.1861820 1.4947893 1.0682795 1.1616285 1.1953366 0.7715813 1.5641910 1.3594023 1.0704880 1.2514340 1.2361659 1.0907263 1.2012169 1.1452828 1.0953359 1.1383124 1.2145215 1.0262004 1.2772388 1.1687703 0.9721757 1.5144756 1.4028042 1.4095722 0.0000000 0.0824472 1.0379330 1.3829485 1.1387417 1.1424546 1.1522139 1.1736661 0.8237967 1.0113236 
Eleutherodactylus_ronaldi          1.6825383 1.1752004 1.2216647 1.2956399 1.4329114 1.2966643 1.6813352 1.4352970 1.6000634 1.2710666 1.1334814 0.9691712 1.1765780 1.1173527 1.4868667 0.9646912 1.1821984 1.1583678 0.7175344 1.5809654 1.3355484 1.1096029 1.1199488 1.1926143 1.0201584 1.1238953 1.0714051 1.0615806 1.0823083 1.1123910 1.0661972 1.3296804 1.1966383 0.9511280 1.4265184 1.5223278 1.4870966 0.0824472 0.0000000 1.0246867 1.4411683 1.0939682 1.0603420 1.0729268 1.1075265 0.8160003 1.0510109 
Eleutherodactylus_eileenae         1.1259497 1.2927254 1.0149197 1.0166290 1.1167541 1.2368125 1.1506549 1.1152017 1.3448544 1.0490587 1.2923318 1.1649976 1.3131382 1.2024139 1.2779815 1.1256082 0.8354455 1.1902652 0.9901143 1.0006839 0.8507824 0.5374213 1.2221862 1.0749883 0.8797156 1.0107482 1.0718813 1.0887713 0.9682579 1.5833517 1.1962095 1.2299806 1.1314446 1.4667561 1.2823002 0.4896002 0.6819294 1.0379330 1.0246867 0.0000000 1.3141099 1.1571877 1.1162411 1.2240652 1.3640456 1.0318504 1.1501404 
Ischnocnema_henselii               1.8502014 1.3919968 1.8606101 1.8814118 1.9722304 2.3551621 2.6314187 1.7235846 2.0525019 1.6046709 1.6600319 1.4502483 1.8790442 1.8113182 1.6932540 2.1757055 1.9191339 1.2774860 1.2756059 2.0846689 1.6554643 1.7114854 2.1429772 1.7780527 1.8481944 1.6950376 1.7276573 1.7149799 1.7766697 1.5382071 1.3600082 1.6605961 1.2285543 1.2450906 1.9461333 1.3866409 1.7594389 1.3829485 1.4411683 1.3141099 0.0000000 0.3553001 0.6733752 0.8104195 0.7444111 0.9840065 0.8745744 
Ischnocnema_guentheri              2.0090422 1.7873450 1.7945821 1.8661348 1.8441055 2.0865700 2.3524198 1.6338254 1.6873210 1.5061359 1.8581763 1.3967208 1.9325782 1.8073685 1.8458501 2.0526210 1.5494654 1.0413966 0.9771534 1.6771549 1.4485055 1.5074324 1.9311782 1.6032651 1.7290682 1.6270715 1.5238937 1.5280745 1.6516032 1.6441943 1.4590481 1.5144060 1.2694895 1.1102844 1.8901653 1.4170020 1.8227538 1.1387417 1.0939682 1.1571877 0.3553001 0.0000000 0.6685552 0.5779486 0.6948394 0.9658092 0.6722429 
Ischnocnema_juipoca                1.6052796 1.5878152 1.5827023 1.8286997 1.6197840 1.8426052 2.1484685 1.5086459 2.0392942 1.3415162 1.7206014 1.4244320 1.7829767 1.4704782 1.2688411 1.4335707 1.0944616 1.0304146 1.0032485 1.1640791 1.0030197 1.1357674 1.2238117 1.1884884 1.4775877 1.2025486 1.1827582 1.1928761 1.2127315 1.6096602 1.2993706 1.3470129 1.0552804 1.1015253 1.3546907 1.1552350 1.3174827 1.1424546 1.0603420 1.1162411 0.6733752 0.6685552 0.0000000 0.6325643 0.6260485 0.7509366 0.6363165 
Ischnocnema_crassa                 1.5633334 1.4320725 1.6821078 1.6120868 1.5150713 1.6257357 1.9340947 1.3413127 1.5708272 1.0811058 1.4285760 1.1976344 1.4093906 1.2993028 1.3435345 1.5710166 1.3811679 1.1457400 1.1782091 1.3732146 1.2458353 1.5191509 1.4200010 1.3954243 1.4932874 1.3424281 1.4100181 1.3900391 1.3511685 1.4910354 1.3552188 1.3305929 1.0419507 1.3029606 1.7222134 1.0603582 1.5277217 1.1522139 1.0729268 1.2240652 0.8104195 0.5779486 0.6325643 0.0000000 0.5243908 1.0772015 0.6409213 
Ischnocnema_parva                  1.9926409 1.3981835 1.5505233 1.6146520 1.4933465 1.7138216 2.1185801 1.2194108 1.5750562 1.3024391 1.5705201 1.4557992 1.6418605 1.5611364 1.4030878 1.2186891 1.2259246 1.0557465 1.0166344 1.4447061 1.1876625 1.5490689 1.1976761 1.1691699 1.3534175 1.3283078 1.2153694 1.2739298 1.2832178 1.3614197 1.1605984 1.2432152 1.1762394 1.2379483 1.2724341 1.2880128 1.5826720 1.1736661 1.1075265 1.3640456 0.7444111 0.6948394 0.6260485 0.5243908 0.0000000 0.9382778 0.6595197 
Ischnocnema_vizottoi               1.4193174 1.3911176 1.2418139 1.2563586 1.2799977 1.3070482 1.3793065 0.9947121 1.4756864 1.0332415 1.0643435 1.0350897 1.1451984 1.2409359 1.5436114 1.0855852 1.1526517 1.2787635 0.9798310 1.8209479 1.6285980 1.3353941 1.3848630 1.1018530 1.2605916 1.1022097 1.1938141 1.2009638 1.1827752 1.2687233 0.7968435 0.8713088 1.0119911 1.2387259 1.7764393 1.3219442 1.1928693 0.8237967 0.8160003 1.0318504 0.9840065 0.9658092 0.7509366 1.0772015 0.9382778 0.0000000 0.5790085 
Ischnocnema_lactea                 1.5474872 1.4346139 1.4529719 1.5136923 1.6141862 1.4705973 1.4054533 1.1263127 1.3871227 1.1510808 1.2957752 1.2861618 1.4614955 1.3472371 1.4201554 1.1138565 1.0801720 1.1337730 0.9470620 1.4253234 1.2995556 1.2853753 1.1627552 1.0101549 1.2718592 1.0936747 1.0175665 1.0438828 1.0259863 1.1418273 0.8185779 0.9504422 0.8763182 1.1692771 1.5272774 0.9945625 1.4096682 1.0113236 1.0510109 1.1501404 0.8745744 0.6722429 0.6363165 0.6409213 0.6595197 0.5790085 0.0000000 
