47
Eleutherodactylus_longipes         0.0000000 0.4974832 0.6337791 0.5967399 0.6812850 0.6884305 0.7980362 0.6530542 0.7591448 0.5104966 0.6273205 0.5977875 0.5652814 0.4886897 1.4764563 0.9409221 1.3346275 1.4381768 1.4636319 1.5604918 1.3970459 1.6799490 0.8638075 1.0983771 0.8857487 0.9582269 1.0364669 0.9949430 1.0475898 1.5560722 1.1926318 1.3704437 1.3719331 1.4634393 2.0979845 1.1635306 1.2083973 1.6717907 1.6917380 1.1313846 1.8605664 2.0208104 1.6140491 1.5718620 2.0041555 1.4266132 1.5552324 
Eleutherodactylus_leprus           0.4974832 0.0000000 0.4973246 0.4786084 0.5712533 0.7693683 0.9953127 0.6978338 0.9961888 0.6483342 0.7091869 0.5976339 0.6080413 0.5317627 1.4058498 0.8644297 1.2771201 1.6031149 1.2527464 1.3787397 1.1721631 1.2372385 0.8193533 0.9479848 0.8733889 1.1353809 1.0686030 1.0360109 1.1725602 1.5169326 1.3064626 1.5016368 1.2490437 1.0492424 1.4507060 1.3909805 1.2894733 1.2129450 1.1808552 1.2991455 1.3991609 1.7971448 1.5963940 1.4394657 1.4054972 1.3981785 1.4417787 
Eleutherodactylus_verrucipes       0.6337791 0.4973246 0.0000000 0.0840321 0.4983063 0.5599929 0.6255605 0.6021844 0.6979589 0.4538159 0.5440410 0.5017952 0.5216377 0.4413265 1.3331675 0.8865970 1.3299209 1.6346143 1.1805642 1.4685555 1.2141762 1.2561916 0.9038893 1.0785928 0.8878949 0.9069294 0.8556141 0.8811704 0.9334678 1.8574779 1.5491868 1.4819198 1.3729997 1.4452838 1.4666914 1.3288406 1.3862157 1.2702121 1.2274077 1.0194462 1.8707799 1.8039679 1.5908306 1.6906702 1.5583881 1.2475781 1.4596781 
Eleutherodactylus_guttilatus       0.5967399 0.4786084 0.0840321 0.0000000 0.4904846 0.5530419 0.5691754 0.5176628 0.6730403 0.4395234 0.4734570 0.4723061 0.4385329 0.4405543 1.3092368 0.8284504 1.4846201 1.4454053 1.2511961 1.4860630 1.2944717 1.4369264 0.8226972 0.9900373 0.8146163 0.8488124 0.8538132 0.8595698 0.8924010 1.7534541 1.4930819 1.3396180 1.4155400 1.4020607 1.5300886 1.3479712 1.3785383 1.3026559 1.3020312 1.0212180 1.8918029 1.8763268 1.8388796 1.6204496 1.6229872 1.2623055 1.5210794 
Eleutherodactylus_cystignathoides  0.6812850 0.5712533 0.4983063 0.4904846 0.0000000 0.6408820 0.8302137 0.8622596 0.8416302 0.6865015 0.7044925 0.6837874 0.6328864 0.6522400 1.1352512 0.9222418 1.2112540 1.4304206 1.2036290 1.8706220 1.5628490 1.2379995 1.0840899 0.9553110 0.7195937 0.9545415 0.9330189 0.9060578 0.9975957 1.6625534 1.8522726 2.0131365 1.6355215 1.5066703 1.8439992 1.2504201 1.3043400 1.4548651 1.4402808 1.1221404 1.9833385 1.8542465 1.6285122 1.5230554 1.5011265 1.2863024 1.6223153 
Eleutherodactylus_angustidigitorum 0.6884305 0.7693683 0.5599929 0.5530419 0.6408820 0.0000000 0.4054453 0.3632034 0.4647090 0.3571030 0.5174846 0.4413542 0.4365277 0.4134835 1.8363282 0.8768730 1.5288528 1.4772072 1.3832741 1.6799211 1.5575552 1.6152415 1.0538777 1.0354608 1.1375357 1.0445774 1.0622275 1.1059454 1.0842004 1.6629691 1.3694481 1.2795787 1.8552723 1.5472237 1.8879805 1.5626414 1.6931140 1.3804672 1.3029345 1.2427763 2.3693334 2.0983101 1.8524798 1.6340433 1.7227825 1.3132704 1.4778056 
Eleutherodactylus_manantlanensis   0.7980362 0.9953127 0.6255605 0.5691754 0.8302137 0.4054453 0.0000000 0.3275875 0.5340510 0.4151805 0.7364875 0.5195263 0.5781631 0.4979015 1.6874774 1.0535937 1.5973591 1.8482428 1.5855451 1.7187786 1.4296642 1.7603302 1.1310599 1.3031682 1.2639435 1.2460973 1.2586172 1.2481213 1.2566051 1.8304383 1.4881570 1.5846017 2.0348027 1.6491846 2.0258515 1.3667248 1.5902187 1.8246083 1.6898704 1.1557736 2.6474097 2.3655798 2.1602492 1.9442340 2.1299691 1.3855877 1.4120100 
Eleutherodactylus_nietoi           0.6530542 0.6978338 0.6021844 0.5176628 0.8622596 0.3632034 0.3275875 0.0000000 0.4044411 0.4135008 0.4545345 0.3758754 0.4623083 0.4452525 1.7621970 0.8568616 1.2849224 1.5234933 1.0942118 1.5697862 1.3316839 1.4092925 0.9014779 1.0119990 1.0467473 1.0394043 1.0321445 0.9641483 1.0612201 1.5371246 0.9561507 1.1915407 1.6488673 1.3816555 1.9965381 1.2352689 1.2714800 1.4859294 1.4428043 1.1205988 1.7328361 1.6424417 1.5165084 1.3480029 1.2252441 0.9990041 1.1315085 
Eleutherodactylus_pallidus         0.7591448 0.9961888 0.6979589 0.6730403 0.8416302 0.4647090 0.5340510 0.4044411 0.0000000 0.5601213 0.6024689 0.4590507 0.5091620 0.6265964 1.6588365 1.0108730 1.7057733 2.0197314 1.5184588 1.8453538 1.5225146 1.9648584 1.3382450 1.0784241 1.1298748 0.9309951 1.0070356 0.9679573 0.9441724 1.8547680 1.6924422 1.7978297 2.1808821 1.8542594 2.2606810 1.7407048 1.8221600 1.6729573 1.6086354 1.3516525 2.0644414 1.6962071 2.0511017 1.5790260 1.5834700 1.4831216 1.3939822 
Eleutherodactylus_erythrochomus    0.5104966 0.6483342 0.4538159 0.4395234 0.6865015 0.3571030 0.4151805 0.4135008 0.5601213 0.0000000 0.4322129 0.3809593 0.3741396 0.2514015 1.6097623 0.8604826 1.4975727 1.3497115 1.2734432 1.4928378 1.2971086 1.4832498 0.9534691 0.9917206 0.9931270 0.8757403 0.9075573 0.9101816 0.9183506 1.5475398 1.1121806 1.2307535 1.4872356 1.4157880 1.5098208 1.0251845 1.4124166 1.3767222 1.2773583 1.0539497 1.6131047 1.5137329 1.3481730 1.0861309 1.3087431 1.0380213 1.1562962 
Eleutherodactylus_syristes         0.6273205 0.7091869 0.5440410 0.4734570 0.7044925 0.5174846 0.7364875 0.4545345 0.6024689 0.4322129 0.0000000 0.1765018 0.3060859 0.3944970 1.7185679 0.9095842 1.4675313 1.6981541 1.4368880 2.3459233 2.0107903 1.6558224 0.8688468 1.1764703 1.1402396 0.9892684 1.0063575 0.9900622 1.0134990 1.5798872 1.5283888 1.9451980 1.8388617 1.5507217 2.4961394 1.4793751 1.4938448 1.1367919 1.1389100 1.2989814 1.6689707 1.8688607 1.7302727 1.4362738 1.5790755 1.0693157 1.3021780 
Eleutherodactylus_maurus           0.5977875 0.5976339 0.5017952 0.4723061 0.6837874 0.4413542 0.5195263 0.3758754 0.4590507 0.3809593 0.1765018 0.0000000 0.2380188 0.3060674 1.3659234 0.8526790 1.2989595 1.6988546 1.3520375 1.5456089 1.3166163 1.5931535 0.8308066 1.0904042 1.0991666 0.9300426 0.9156308 0.9267928 0.9841267 1.7395547 1.5090682 1.7093556 1.7725184 1.3272949 1.7060490 1.4139105 1.5082612 1.1215722 0.9736059 1.1707423 1.4574858 1.4036699 1.4315043 1.2033942 1.4632602 1.0396430 1.2923147 
Eleutherodactylus_nitidus          0.5652814 0.6080413 0.5216377 0.4385329 0.6328864 0.4365277 0.5781631 0.4623083 0.5091620 0.3741396 0.3060859 0.2380188 0.0000000 0.3858020 1.5409772 0.7927486 1.3511427 1.6577990 1.3134011 1.9983447 1.6370653 1.5675726 0.8816098 1.0658144 1.1195776 0.9333821 0.9004923 0.9031190 0.9218301 1.7051831 1.3617994 1.7905067 1.5468937 1.4574965 2.0139595 1.2921262 1.4930344 1.2752908 1.1823194 1.3197815 1.8894904 1.9433358 1.7928093 1.4165984 1.6507459 1.1503673 1.4687934 
Eleutherodactylus_rubrimaculatus   0.4886897 0.5317627 0.4413265 0.4405543 0.6522400 0.4134835 0.4979015 0.4452525 0.6265964 0.2514015 0.3944970 0.3060674 0.3858020 0.0000000 1.7409526 0.8445967 1.2438436 1.3934618 1.1591797 1.4311049 1.2729466 1.6849515 0.9206039 1.0485749 0.8465772 0.9003196 0.9421883 0.9260384 1.0256565 1.3985104 1.2260937 1.3663823 1.4337530 1.2822212 1.5181268 1.0650459 1.4264983 1.1919002 1.1226154 1.2081404 1.8216258 1.8174584 1.4782072 1.3057451 1.5695182 1.2469354 1.3536596 
Diasporus_amirae                   1.4764563 1.4058498 1.3331675 1.3092368 1.1352512 1.8363282 1.6874774 1.7621970 1.6588365 1.6097623 1.7185679 1.3659234 1.5409772 1.7409526 0.0000000 1.3966726 1.3552330 1.7790076 1.5907662 0.5762784 0.5799792 1.6399823 1.1066580 1.3857139 1.3877465 1.2850004 1.2835329 1.2437452 1.3073180 2.0397613 2.0176011 1.8827940 1.4305792 1.4522370 0.8898602 1.2884334 1.4072042 1.5028259 1.4947921 1.2842726 1.7021184 1.8555282 1.2749895 1.3500345 1.4101187 1.5515800 1.4269735 
Eleutherodactylus_planirostris     0.9409221 0.8644297 0.8865970 0.8284504 0.9222418 0.8768730 1.0535937 0.8568616 1.0108730 0.8604826 0.9095842 0.8526790 0.7927486 0.8445967 1.3966726 0.0000000 1.0941311 1.2305781 1.3653896 1.5023888 1.3463141 0.9916752 0.3872477 0.3631806 0.3261633 0.3783627 0.3658960 0.3544866 0.3735673 1.5249328 1.0320457 1.1725586 1.4274021 1.3770195 1.5825068 1.1357936 1.0858204 1.0732641 0.9691417 1.1308330 2.1884728 2.0646130 1.4409805 1.5792668 1.2247741 1.0904840 1.1188921 
Eleutherodactylus_coqui            1.3346275 1.2771201 1.3299209 1.4846201 1.2112540 1.5288528 1.5973591 1.2849224 1.7057733 1.4975727 1.4675313 1.2989595 1.3511427 1.2438436 1.3552330 1.0941311 0.0000000 1.4025949 1.1713642 1.1408573 1.3024383 0.7160240 0.9678381 1.1498154 1.0491450 1.1125261 1.1267064 1.1302003 1.1036164 1.6248227 1.3201098 1.6876940 1.3971835 1.3555712 1.2093588 0.5964101 0.6276851 1.1670611 1.1877305 0.8390711 1.9296368 1.5570478 1.0995671 1.3881814 1.2318354 1.1579111 1.0845797 
Adelophryne_baturitensis           1.4381768 1.6031149 1.6346143 1.4454053 1.4304206 1.4772072 1.8482428 1.5234933 2.0197314 1.3497115 1.6981541 1.6988546 1.6577990 1.3934618 1.7790076 1.2305781 1.4025949 0.0000000 0.6764024 1.5956435 1.5150689 1.3624812 1.1746410 1.1334999 0.9992810 1.2855959 1.1382161 1.0968532 1.2262086 0.9515125 0.9793127 1.0655886 0.9121300 0.7978305 1.7393205 1.1019905 1.5204675 1.2013076 1.1640301 1.1960967 1.2837520 1.0460334 1.0353852 1.1513601 1.0607332 1.2850653 1.1389497 
Adelophryne_maranguapensis         1.4636319 1.2527464 1.1805642 1.2511961 1.2036290 1.3832741 1.5855451 1.0942118 1.5184588 1.2734432 1.4368880 1.3520375 1.3134011 1.1591797 1.5907662 1.3653896 1.1713642 0.6764024 0.0000000 1.4834361 1.5638382 1.4168214 1.3016884 1.2330326 1.1886655 1.3108576 1.2323710 1.1927790 1.2955229 1.0611158 0.6939304 0.9455481 0.8417016 0.7988612 1.6128586 1.2352034 1.3785087 0.7748664 0.7205290 0.9944787 1.2816414 0.9811446 1.0077608 1.1835882 1.0211522 0.9840763 0.9509347 
Diasporus_diastema                 1.5604918 1.3787397 1.4685555 1.4860630 1.8706220 1.6799211 1.7187786 1.5697862 1.8453538 1.4928378 2.3459233 1.5456089 1.9983447 1.4311049 0.5762784 1.5023888 1.1408573 1.5956435 1.4834361 0.0000000 0.2371046 1.2637010 1.3985551 1.4056801 1.5348808 1.3982536 1.3994705 1.3210103 1.4508812 2.4821312 1.5572694 1.5862750 1.3485652 1.3953195 0.6142143 0.9088591 1.1417163 1.5725190 1.5893387 1.0051272 2.0969114 1.6859957 1.1696634 1.3801524 1.4522332 1.8310165 1.4323183 
Diasporus_quidditus                1.3970459 1.1721631 1.2141762 1.2944717 1.5628490 1.5575552 1.4296642 1.3316839 1.5225146 1.2971086 2.0107903 1.3166163 1.6370653 1.2729466 0.5799792 1.3463141 1.3024383 1.5150689 1.5638382 0.2371046 0.0000000 1.3722000 1.2702309 1.3393821 1.3788794 1.2727476 1.3268788 1.3191383 1.3313889 2.0579199 1.4333790 1.4479760 1.4889237 1.3794183 0.6932604 0.9849106 1.2263776 1.3663848 1.3422295 0.8543492 1.6642297 1.4557851 1.0075176 1.2517505 1.1933770 1.6370063 1.3056389 
Eleutherodactylus_johnstonei       1.6799490 1.2372385 1.2561916 1.4369264 1.2379995 1.6152415 1.7603302 1.4092925 1.9648584 1.4832498 1.6558224 1.5931535 1.5675726 1.6849515 1.6399823 0.9916752 0.7160240 1.3624812 1.4168214 1.2637010 1.3722000 0.0000000 1.0083478 1.0894592 0.8985509 1.0797737 0.9992438 0.9965906 0.9953408 1.5912628 1.1653825 1.6214406 1.1731085 1.4144482 1.5937632 0.6334369 0.6153430 1.0755825 1.1149084 0.5394289 1.7210138 1.5151874 1.1414082 1.5272284 1.5571638 1.3421336 1.2912798 
Eleutherodactylus_atkinsi          0.8638075 0.8193533 0.9038893 0.8226972 1.0840899 1.0538777 1.1310599 0.9014779 1.3382450 0.9534691 0.8688468 0.8308066 0.8816098 0.9206039 1.1066580 0.3872477 0.9678381 1.1746410 1.3016884 1.3985551 1.2702309 1.0083478 0.0000000 0.3469262 0.3774667 0.3942900 0.3433069 0.3230713 0.3758393 1.6046485 1.2847626 1.5528736 1.3965993 1.0672384 1.2448242 0.9017489 0.9115421 1.2576497 1.1254488 1.2281866 2.1557439 1.9418390 1.2297262 1.4272901 1.2033802 1.3915677 1.1679560 
Eleutherodactylus_cubanus          1.0983771 0.9479848 1.0785928 0.9900373 0.9553110 1.0354608 1.3031682 1.0119990 1.0784241 0.9917206 1.1764703 1.0904042 1.0658144 1.0485749 1.3857139 0.3631806 1.1498154 1.1334999 1.2330326 1.4056801 1.3393821 1.0894592 0.3469262 0.0000000 0.2627992 0.2477625 0.2128466 0.2297146 0.2383250 1.7040251 1.2133086 1.4884254 1.5496431 1.5449975 1.5461487 1.0835631 1.0678911 1.2423353 1.1985171 1.0798502 1.7876725 1.6116591 1.1942199 1.4025404 1.1747168 1.1068640 1.0144695 
Eleutherodactylus_etheridgei       0.8857487 0.8733889 0.8878949 0.8146163 0.7195937 1.1375357 1.2639435 1.0467473 1.1298748 0.9931270 1.1402396 1.0991666 1.1195776 0.8465772 1.3877465 0.3261633 1.0491450 0.9992810 1.1886655 1.5348808 1.3788794 0.8985509 0.3774667 0.2627992 0.0000000 0.3050018 0.2584666 0.2397278 0.2744185 1.7200660 1.2100175 1.4654362 1.5491644 1.2871459 1.1950907 1.0209043 1.0487121 1.0959893 1.0250986 0.8839006 1.8586617 1.7387620 1.4855374 1.5013521 1.3603246 1.2669939 1.2779045 
Eleutherodactylus_iberia           0.9582269 1.1353809 0.9069294 0.8488124 0.9545415 1.0445774 1.2460973 1.0394043 0.9309951 0.8757403 0.9892684 0.9300426 0.9333821 0.9003196 1.2850004 0.3783627 1.1125261 1.2855959 1.3108576 1.3982536 1.2727476 1.0797737 0.3942900 0.2477625 0.3050018 0.0000000 0.0936390 0.1092265 0.0488688 1.4510666 1.0665804 1.6282262 1.6014326 1.2557034 1.4657662 1.0242695 0.9725242 1.2068934 1.1291674 1.0154285 1.7039249 1.6352332 1.2080300 1.3487510 1.3344392 1.1070435 1.0981334 
Eleutherodactylus_jaumei           1.0364669 1.0686030 0.8556141 0.8538132 0.9330189 1.0622275 1.2586172 1.0321445 1.0070356 0.9075573 1.0063575 0.9156308 0.9004923 0.9421883 1.2835329 0.3658960 1.1267064 1.1382161 1.2323710 1.3994705 1.3268788 0.9992438 0.3433069 0.2128466 0.2584666 0.0936390 0.0000000 0.0368254 0.0879339 1.5163694 1.1921276 1.6907232 1.6203236 1.3696777 1.2967808 1.0113308 0.9125972 1.1506647 1.0763924 1.0768551 1.7368646 1.5315008 1.1883418 1.4168844 1.2209649 1.1993094 1.0217739 
Eleutherodactylus_limbatus         0.9949430 1.0360109 0.8811704 0.8595698 0.9060578 1.1059454 1.2481213 0.9641483 0.9679573 0.9101816 0.9900622 0.9267928 0.9031190 0.9260384 1.2437452 0.3544866 1.1302003 1.0968532 1.1927790 1.3210103 1.3191383 0.9965906 0.3230713 0.2297146 0.2397278 0.1092265 0.0368254 0.0000000 0.0823000 1.5085586 1.2024354 1.6775561 1.5631566 1.2833729 1.2967952 0.9843004 0.9054916 1.1004495 1.0665228 1.0939032 1.7240936 1.5357724 1.1985389 1.3968523 1.2798918 1.2064598 1.0482701 
Eleutherodactylus_orientalis       1.0475898 1.1725602 0.9334678 0.8924010 0.9975957 1.0842004 1.2566051 1.0612201 0.9441724 0.9183506 1.0134990 0.9841267 0.9218301 1.0256565 1.3073180 0.3735673 1.1036164 1.2262086 1.2955229 1.4508812 1.3313889 0.9953408 0.3758393 0.2383250 0.2744185 0.0488688 0.0879339 0.0823000 0.0000000 1.4965484 1.1419547 1.6117986 1.5789833 1.3123188 1.4076067 1.0093013 0.9553745 1.1435804 1.0873191 0.9727527 1.7862515 1.6600957 1.2183978 1.3576347 1.2891020 1.1881014 1.0301808 
Adelophryne_pachydactyla           1.5560722 1.5169326 1.8574779 1.7534541 1.6625534 1.6629691 1.8304383 1.5371246 1.8547680 1.5475398 1.5798872 1.7395547 1.7051831 1.3985104 2.0397613 1.5249328 1.6248227 0.9515125 1.0611158 2.4821312 2.0579199 1.5912628 1.6046485 1.7040251 1.7200660 1.4510666 1.5163694 1.5085586 1.4965484 0.0000000 1.0118061 1.2674672 1.2292676 1.0692421 2.9384269 1.6688362 1.8641457 1.2203803 1.1176041 1.5915149 1.5462208 1.6525317 1.6180944 1.4983772 1.3680050 1.2747500 1.1467107 
Adelophryne_patamona               1.1926318 1.3064626 1.5491868 1.4930819 1.8522726 1.3694481 1.4881570 0.9561507 1.6924422 1.1121806 1.5283888 1.5090682 1.3617994 1.2260937 2.0176011 1.0320457 1.3201098 0.9793127 0.6939304 1.5572694 1.4333790 1.1653825 1.2847626 1.2133086 1.2100175 1.0665804 1.1921276 1.2024354 1.1419547 1.0118061 0.0000000 0.5640588 0.5392835 0.7811056 1.7932245 1.1959403 1.1629377 1.0309087 1.0711435 1.2016237 1.3664998 1.4660309 1.3055025 1.3616538 1.1658453 0.8000368 0.8217066 
Adelophryne_adiastola              1.3704437 1.5016368 1.4819198 1.3396180 2.0131365 1.2795787 1.5846017 1.1915407 1.7978297 1.2307535 1.9451980 1.7093556 1.7905067 1.3663823 1.8827940 1.1725586 1.6876940 1.0655886 0.9455481 1.5862750 1.4479760 1.6214406 1.5528736 1.4884254 1.4654362 1.6282262 1.6907232 1.6775561 1.6117986 1.2674672 0.5640588 0.0000000 0.6825890 1.1389623 1.6123794 1.2217624 1.5936567 1.2834427 1.3361182 1.2359044 1.6694679 1.5219825 1.3535841 1.3369516 1.2491577 0.8748221 0.9543642 
Adelophryne_gutturosa              1.3719331 1.2490437 1.3729997 1.4155400 1.6355215 1.8552723 2.0348027 1.6488673 2.1808821 1.4872356 1.8388617 1.7725184 1.5468937 1.4337530 1.4305792 1.4274021 1.3971835 0.9121300 0.8417016 1.3485652 1.4889237 1.1731085 1.3965993 1.5496431 1.5491644 1.6014326 1.6203236 1.5631566 1.5789833 1.2292676 0.5392835 0.6825890 0.0000000 1.0264066 1.5662535 1.3222245 1.4842185 1.1747021 1.2026990 1.1368823 1.2345642 1.2754669 1.0601571 1.0468249 1.1819875 1.0166254 0.8799311 
Phyzelaphryne_miriamae             1.4634393 1.0492424 1.4452838 1.4020607 1.5066703 1.5472237 1.6491846 1.3816555 1.8542594 1.4157880 1.5507217 1.3272949 1.4574965 1.2822212 1.4522370 1.3770195 1.3555712 0.7978305 0.7988612 1.3953195 1.3794183 1.4144482 1.0672384 1.5449975 1.2871459 1.2557034 1.3696777 1.2833729 1.3123188 1.0692421 0.7811056 1.1389623 1.0264066 0.0000000 1.2804685 1.3847239 1.5234391 0.9764386 0.9553026 1.4744666 1.2509231 1.1152959 1.1068182 1.3096750 1.2442106 1.2448067 1.1747231 
Diasporus_hylaeformis              2.0979845 1.4507060 1.4666914 1.5300886 1.8439992 1.8879805 2.0258515 1.9965381 2.2606810 1.5098208 2.4961394 1.7060490 2.0139595 1.5181268 0.8898602 1.5825068 1.2093588 1.7393205 1.6128586 0.6142143 0.6932604 1.5937632 1.2448242 1.5461487 1.1950907 1.4657662 1.2967808 1.2967952 1.4076067 2.9384269 1.7932245 1.6123794 1.5662535 1.2804685 0.0000000 1.2719660 1.3009745 1.5224539 1.4339637 1.2885795 1.9573396 1.9003526 1.3616363 1.7317028 1.2789667 1.7862901 1.5349286 
Eleutherodactylus_principalis      1.1635306 1.3909805 1.3288406 1.3479712 1.2504201 1.5626414 1.3667248 1.2352689 1.7407048 1.0251845 1.4793751 1.4139105 1.2921262 1.0650459 1.2884334 1.1357936 0.5964101 1.1019905 1.2352034 0.9088591 0.9849106 0.6334369 0.9017489 1.0835631 1.0209043 1.0242695 1.0113308 0.9843004 1.0093013 1.6688362 1.1959403 1.2217624 1.3222245 1.3847239 1.2719660 0.0000000 0.3873538 1.4101214 1.5304618 0.4914834 1.3938174 1.4240789 1.1609410 1.0654850 1.2946423 1.3286527 0.9989740 
Eleutherodactylus_glamyrus         1.2083973 1.2894733 1.3862157 1.3785383 1.3043400 1.6931140 1.5902187 1.2714800 1.8221600 1.4124166 1.4938448 1.5082612 1.4930344 1.4264983 1.4072042 1.0858204 0.6276851 1.5204675 1.3785087 1.1417163 1.2263776 0.6153430 0.9115421 1.0678911 1.0487121 0.9725242 0.9125972 0.9054916 0.9553745 1.8641457 1.1629377 1.5936567 1.4842185 1.5234391 1.3009745 0.3873538 0.0000000 1.4168680 1.4950137 0.6849006 1.7690544 1.8327092 1.3243208 1.5359115 1.5911280 1.1986024 1.4163357 
Eleutherodactylus_mariposa         1.6717907 1.2129450 1.2702121 1.3026559 1.4548651 1.3804672 1.8246083 1.4859294 1.6729573 1.3767222 1.1367919 1.1215722 1.2752908 1.1919002 1.5028259 1.0732641 1.1670611 1.2013076 0.7748664 1.5725190 1.3663848 1.0755825 1.2576497 1.2423353 1.0959893 1.2068934 1.1506647 1.1004495 1.1435804 1.2203803 1.0309087 1.2834427 1.1747021 0.9764386 1.5224539 1.4101214 1.4168680 0.0000000 0.0825024 1.0428348 1.3897723 1.1439532 1.1480537 1.1577210 1.1792098 0.8274802 1.0157463 
Eleutherodactylus_ronaldi          1.6917380 1.1808552 1.2274077 1.3020312 1.4402808 1.3029345 1.6898704 1.4428043 1.6086354 1.2773583 1.1389100 0.9736059 1.1823194 1.1226154 1.4947921 0.9691417 1.1877305 1.1640301 0.7205290 1.5893387 1.3422295 1.1149084 1.1254488 1.1985171 1.0250986 1.1291674 1.0763924 1.0665228 1.0873191 1.1176041 1.0711435 1.3361182 1.2026990 0.9553026 1.4339637 1.5304618 1.4950137 0.0825024 0.0000000 1.0295052 1.4484938 1.0988363 1.0654958 1.0778454 1.1126143 0.8196042 1.0555173 
Eleutherodactylus_eileenae         1.1313846 1.2991455 1.0194462 1.0212180 1.1221404 1.2427763 1.1557736 1.1205988 1.3516525 1.0539497 1.2989814 1.1707423 1.3197815 1.2081404 1.2842726 1.1308330 0.8390711 1.1960967 0.9944787 1.0051272 0.8543492 0.5394289 1.2281866 1.0798502 0.8839006 1.0154285 1.0768551 1.0939032 0.9727527 1.5915149 1.2016237 1.2359044 1.1368823 1.4744666 1.2885795 0.4914834 0.6849006 1.0428348 1.0295052 0.0000000 1.3205179 1.1626419 1.1216453 1.2299293 1.3707555 1.0366882 1.1552416 
Ischnocnema_henselii               1.8605664 1.3991609 1.8707799 1.8918029 1.9833385 2.3693334 2.6474097 1.7328361 2.0644414 1.6131047 1.6689707 1.4574858 1.8894904 1.8216258 1.7021184 2.1884728 1.9296368 1.2837520 1.2816414 2.0969114 1.6642297 1.7210138 2.1557439 1.7876725 1.8586617 1.7039249 1.7368646 1.7240936 1.7862515 1.5462208 1.3664998 1.6694679 1.2345642 1.2509231 1.9573396 1.3938174 1.7690544 1.3897723 1.4484938 1.3205179 0.0000000 0.3563020 0.6758357 0.8137889 0.7473437 0.9883494 0.8780736 
Ischnocnema_guentheri              2.0208104 1.7971448 1.8039679 1.8763268 1.8542465 2.0983101 2.3655798 1.6424417 1.6962071 1.5137329 1.8688607 1.4036699 1.9433358 1.8174584 1.8555282 2.0646130 1.5570478 1.0460334 0.9811446 1.6859957 1.4557851 1.5151874 1.9418390 1.6116591 1.7387620 1.6352332 1.5315008 1.5357724 1.6600957 1.6525317 1.4660309 1.5219825 1.2754669 1.1152959 1.9003526 1.4240789 1.8327092 1.1439532 1.0988363 1.1626419 0.3563020 0.0000000 0.6709627 0.5798633 0.6974845 0.9699767 0.6746638 
Ischnocnema_juipoca                1.6140491 1.5963940 1.5908306 1.8388796 1.6285122 1.8524798 2.1602492 1.5165084 2.0511017 1.3481730 1.7302727 1.4315043 1.7928093 1.4782072 1.2749895 1.4409805 1.0995671 1.0353852 1.0077608 1.1696634 1.0075176 1.1414082 1.2297262 1.1942199 1.4855374 1.2080300 1.1883418 1.1985389 1.2183978 1.6180944 1.3055025 1.3535841 1.0601571 1.1068182 1.3616363 1.1609410 1.3243208 1.1480537 1.0654958 1.1216453 0.6758357 0.6709627 0.0000000 0.6349926 0.6284316 0.7541252 0.6385014 
Ischnocnema_crassa                 1.5718620 1.4394657 1.6906702 1.6204496 1.5230554 1.6340433 1.9442340 1.3480029 1.5790260 1.0861309 1.4362738 1.2033942 1.4165984 1.3057451 1.3500345 1.5792668 1.3881814 1.1513601 1.1835882 1.3801524 1.2517505 1.5272284 1.4272901 1.4025404 1.5013521 1.3487510 1.4168844 1.3968523 1.3576347 1.4983772 1.3616538 1.3369516 1.0468249 1.3096750 1.7317028 1.0654850 1.5359115 1.1577210 1.0778454 1.2299293 0.8137889 0.5798633 0.6349926 0.0000000 0.5262767 1.0822761 0.6433551 
Ischnocnema_parva                  2.0041555 1.4054972 1.5583881 1.6229872 1.5011265 1.7227825 2.1299691 1.2252441 1.5834700 1.3087431 1.5790755 1.4632602 1.6507459 1.5695182 1.4101187 1.2247741 1.2318354 1.0607332 1.0211522 1.4522332 1.1933770 1.5571638 1.2033802 1.1747168 1.3603246 1.3344392 1.2209649 1.2798918 1.2891020 1.3680050 1.1658453 1.2491577 1.1819875 1.2442106 1.2789667 1.2946423 1.5911280 1.1792098 1.1126143 1.3707555 0.7473437 0.6974845 0.6284316 0.5262767 0.0000000 0.9425134 0.6619902 
Ischnocnema_vizottoi               1.4266132 1.3981785 1.2475781 1.2623055 1.2863024 1.3132704 1.3855877 0.9990041 1.4831216 1.0380213 1.0693157 1.0396430 1.1503673 1.2469354 1.5515800 1.0904840 1.1579111 1.2850653 0.9840763 1.8310165 1.6370063 1.3421336 1.3915677 1.1068640 1.2669939 1.1070435 1.1993094 1.2064598 1.1881014 1.2747500 0.8000368 0.8748221 1.0166254 1.2448067 1.7862901 1.3286527 1.1986024 0.8274802 0.8196042 1.0366882 0.9883494 0.9699767 0.7541252 1.0822761 0.9425134 0.0000000 0.5810138 
Ischnocnema_lactea                 1.5552324 1.4417787 1.4596781 1.5210794 1.6223153 1.4778056 1.4120100 1.1315085 1.3939822 1.1562962 1.3021780 1.2923147 1.4687934 1.3536596 1.4269735 1.1188921 1.0845797 1.1389497 0.9509347 1.4323183 1.3056389 1.2912798 1.1679560 1.0144695 1.2779045 1.0981334 1.0217739 1.0482701 1.0301808 1.1467107 0.8217066 0.9543642 0.8799311 1.1747231 1.5349286 0.9989740 1.4163357 1.0157463 1.0555173 1.1552416 0.8780736 0.6746638 0.6385014 0.6433551 0.6619902 0.5810138 0.0000000 
