46
Adelophryne_baturitensis           0.0000000 0.5767056 0.8162246 0.8298371 0.8723295 0.8154165 1.5449309 1.3795150 1.3118891 1.4176125 1.1576671 1.2258864 1.3327743 1.1517222 1.1710305 1.2290827 1.4079914 1.2708050 1.6241565 1.1603250 1.3636092 1.4553285 1.3119436 1.1928147 1.0508579 1.1187140 1.1209455 1.0266652 0.9767171 0.8535256 1.0880112 0.9792459 0.9341303 1.0381633 0.9133294 0.9608452 1.3091733 1.0151361 0.9869303 1.0241162 0.7043432 1.5158089 1.4566718 1.4579221 1.2743964 1.0646022 
Adelophryne_maranguapensis         0.5767056 0.0000000 1.0300988 0.6847259 0.8754129 0.8621704 1.3612657 1.3214016 1.4312708 1.3801172 1.1526728 1.0479942 1.1132182 1.0421185 1.1121966 1.1915833 1.3787083 1.0412613 1.3208447 1.1513615 1.2006888 1.1629148 1.0904343 1.0698011 1.1819071 1.0274060 1.2046215 1.0936229 1.0298214 1.1317359 1.1448191 1.0481068 1.0426460 1.1218518 1.0629795 1.0576054 1.2879920 0.7777469 0.7335189 0.9471055 0.8420094 1.7311882 1.5433411 1.7872063 1.2612554 0.9969352 
Adelophryne_pachydactyla           0.8162246 1.0300988 0.0000000 0.7940337 1.0210286 1.0316623 1.4538238 1.7210505 1.6626673 2.0533918 1.2796568 1.2153053 1.4406188 1.3754828 1.3650442 1.4324042 1.4212503 1.2230024 1.4511879 1.2894700 1.3191573 1.4103984 1.3142269 1.1930661 1.2230794 1.2444898 1.2356338 1.2354148 1.4250097 1.2366934 1.1194620 1.1943716 1.1806575 1.1508765 1.3148922 1.2141038 1.4014597 0.9490318 0.9142462 1.2917993 0.9453034 1.8868655 1.8063611 1.8095286 1.4388635 1.5290455 
Adelophryne_patamona               0.8298371 0.6847259 0.7940337 0.0000000 0.5047727 0.5172226 1.5296172 1.2456504 1.2589586 1.4252949 0.9102211 1.0681438 1.2157953 1.1562328 1.5368093 1.1005414 1.1646512 0.8222691 1.3670097 0.9026030 1.2606560 1.1555437 1.0586241 1.0553999 0.8991997 1.0507858 1.0563796 1.0447205 0.9902007 0.9985899 0.8857113 1.0072613 1.0073252 0.9579552 0.9860903 0.9496430 1.0089801 0.9170046 0.9678358 0.9309963 0.7316256 1.4610515 1.4854313 1.5390172 1.3131348 1.5116538 
Adelophryne_adiastola              0.8723295 0.8754129 1.0210286 0.5047727 0.0000000 0.5837938 1.4017303 1.2253377 1.1719079 1.2419154 1.0381794 1.1702302 1.1018750 1.0008739 1.5314346 1.0486697 1.1524252 1.0155553 1.3940189 0.9606631 1.5404592 1.3249043 1.3190334 1.0913435 0.9719963 1.2276020 1.3043800 1.2753036 1.1590925 1.1423939 1.2083617 1.2649550 1.2650335 1.2149351 0.9688514 1.0763652 1.2721374 1.0663652 1.1084936 0.9887527 0.9757586 1.3914323 1.2717506 1.4474687 1.4257106 1.4412803 
Adelophryne_gutturosa              0.8154165 0.8621704 1.0316623 0.5172226 0.5837938 0.0000000 1.1913979 1.1151082 1.3047131 1.2043738 1.0969148 1.0588880 1.0870852 1.1401941 1.2733361 1.5247702 1.5630024 1.3940459 1.6881509 1.2702107 1.5234269 1.5403482 1.2278365 1.1716951 1.1375195 1.1250150 1.0225625 1.1063839 1.1903179 1.2182659 1.1912388 1.1875248 1.1671883 1.2054701 1.0538939 1.0745620 1.2830528 0.9676724 0.9750368 0.9953023 0.8499950 1.3511525 1.2641205 1.4085440 1.2076279 1.3081777 
Diasporus_amirae                   1.5449309 1.3612657 1.4538238 1.5296172 1.4017303 1.1913979 0.0000000 0.4618562 0.5101485 0.6639892 1.2078701 1.1153756 1.0853431 1.0848108 0.9973089 1.5175256 1.3036160 1.3746318 1.2443898 1.2453670 1.4342425 1.1668639 1.2296612 1.2709956 1.0767144 1.0415650 1.3127230 0.9084818 1.1529468 1.0963896 1.0835587 1.0643506 1.0681464 1.0980304 0.9139634 1.0050921 1.0199652 1.1476353 1.1470247 0.9592926 1.1437158 1.4980053 1.4385148 1.5131418 1.3368670 1.5221994 
Diasporus_diastema                 1.3795150 1.3214016 1.7210505 1.2456504 1.2253377 1.1151082 0.4618562 0.0000000 0.2400444 0.4746128 1.1600669 1.1104334 1.2196478 1.2050183 1.3801482 1.3845367 1.3122959 1.2802308 1.3615908 1.1790724 1.7321411 1.2354537 1.4188607 1.0457262 1.1859266 0.8965579 1.0299338 1.1312087 1.1073534 1.1505863 1.0863862 1.1006412 1.0603453 1.1388198 0.6855761 0.7331607 0.8813797 1.1721377 1.2054061 0.7802446 1.0995290 1.4931318 1.4780754 1.6181477 1.6590920 1.3943691 
Diasporus_quidditus                1.3118891 1.4312708 1.6626673 1.2589586 1.1719079 1.3047131 0.5101485 0.2400444 0.0000000 0.5577356 1.1659452 0.9011046 1.0347414 1.0379068 1.2056490 1.2900935 1.1081372 1.1170967 1.1751092 1.0364080 1.5208596 1.1085572 1.2395132 0.9346532 1.1145427 0.9905505 1.2009204 1.1474292 1.1768627 1.0591972 1.1207568 1.1546685 1.1844988 1.1657155 0.8237965 0.7777263 0.9903941 1.1054665 1.0818972 0.6941191 1.0707217 1.7512223 1.6651993 1.8889730 1.4024368 1.2761029 
Diasporus_hylaeformis              1.4176125 1.3801172 2.0533918 1.4252949 1.2419154 1.2043738 0.6639892 0.4746128 0.5577356 0.0000000 1.6408836 1.1602684 1.2275489 1.2756817 1.4611120 1.6008191 1.5646745 1.6529806 1.6825250 1.2624030 1.9861769 1.4434929 1.6002363 1.2151090 1.2609041 0.9358922 1.2514579 1.0435044 1.2303227 0.9411313 1.1664628 1.0647609 1.0465341 1.1199854 1.0117275 1.1450495 1.0563447 1.1979643 1.1187335 1.0248131 1.0718882 1.5628631 1.2949467 1.4822705 1.6463766 1.6180634 
Eleutherodactylus_longipes         1.1576671 1.1526728 1.2796568 0.9102211 1.0381794 1.0969148 1.2078701 1.1600669 1.1659452 1.6408836 0.0000000 0.4504281 0.5931822 0.5303152 0.6208423 0.5722635 0.7076854 0.5631577 0.6698149 0.4914176 0.5992870 0.5406030 0.4869747 0.5374292 0.8798389 1.1385300 1.4217803 0.7530041 0.8829229 0.7845248 0.8380945 0.8857441 0.8816859 0.9214073 0.9185022 0.9075528 0.9642790 1.3019846 1.3701946 0.8861414 1.1499670 1.7198181 1.7737783 1.7502183 1.5105856 1.6714455 
Eleutherodactylus_leprus           1.2258864 1.0479942 1.2153053 1.0681438 1.1702302 1.0588880 1.1153756 1.1104334 0.9011046 1.1602684 0.4504281 0.0000000 0.4730652 0.4386052 0.5346125 0.6495817 0.8039105 0.6101467 0.7977863 0.5765889 0.6151226 0.5485852 0.5099180 0.5354383 0.7357525 1.0238049 1.0958770 0.6863230 0.8079017 0.7444487 1.0100376 0.9659432 0.9392277 1.0377587 0.9859381 1.0098065 0.9953490 0.9170031 0.8971180 0.9765930 0.8044650 1.7424181 1.8084124 1.7089192 1.3276586 1.5881509 
Eleutherodactylus_verrucipes       1.3327743 1.1132182 1.4406188 1.2157953 1.1018750 1.0870852 1.0853431 1.2196478 1.0347414 1.2275489 0.5931822 0.4730652 0.0000000 0.0831630 0.5047842 0.5246470 0.6111246 0.6023964 0.6273982 0.4451203 0.5094226 0.5176399 0.5177767 0.4632388 0.7568662 1.0307549 1.0931824 0.7770693 0.9340964 0.7769401 0.8461798 0.8094676 0.8454098 0.8840894 1.1273343 1.0625661 1.2656060 1.0008711 0.9944738 0.8801449 1.0738053 1.5204392 1.5373103 1.5432875 1.6541867 1.6730497 
Eleutherodactylus_guttilatus       1.1517222 1.0421185 1.3754828 1.1562328 1.0008739 1.1401941 1.0848108 1.2050183 1.0379068 1.2756817 0.5303152 0.4386052 0.0831630 0.0000000 0.4610340 0.5052029 0.5479565 0.5079085 0.5848461 0.4240534 0.4519460 0.4690742 0.4280410 0.4538222 0.6866844 1.1620302 1.1873514 0.7224172 0.8323263 0.7307004 0.7765641 0.7865038 0.8045699 0.8265334 1.0979924 1.0423195 1.1727511 1.0746203 1.0998437 0.8448152 1.0601102 1.7687726 1.6680737 1.7662193 1.7507568 1.7109550 
Eleutherodactylus_cystignathoides  1.1710305 1.1121966 1.3650442 1.5368093 1.5314346 1.2733361 0.9973089 1.3801482 1.2056490 1.4611120 0.6208423 0.5346125 0.5047842 0.4610340 0.0000000 0.5765150 0.7330800 0.7673122 0.7147992 0.6321061 0.6103842 0.6436972 0.5642903 0.6115953 0.7580352 0.9427732 0.9651171 0.9151653 0.7944091 0.6237521 0.7853792 0.7685627 0.7400457 0.8239599 1.0037177 1.0767788 1.1231745 1.1548137 1.1543009 0.9177258 1.0698662 2.4099024 2.0453450 2.2771712 1.7336486 1.5992465 
Eleutherodactylus_angustidigitorum 1.2290827 1.1915833 1.4324042 1.1005414 1.0486697 1.5247702 1.5175256 1.3845367 1.2900935 1.6008191 0.5722635 0.6495817 0.5246470 0.5052029 0.5765150 0.0000000 0.3637486 0.3270100 0.4282113 0.3470494 0.4635146 0.3940071 0.3910089 0.4297215 0.7601764 1.2589909 1.3863599 0.8715304 0.8593247 0.9400024 0.8865526 0.9177346 0.9511045 0.9157413 1.1956581 1.2040224 1.2615143 1.1899046 1.1178715 0.9567905 1.1819802 1.8213930 1.8787187 1.8062563 1.9822149 1.7870400 
Eleutherodactylus_manantlanensis   1.4079914 1.3787083 1.4212503 1.1646512 1.1524252 1.5630024 1.3036160 1.3122959 1.1081372 1.5646745 0.7076854 0.8039105 0.6111246 0.5479565 0.7330800 0.3637486 0.0000000 0.3204082 0.4568760 0.3545292 0.6687908 0.4871570 0.5255088 0.4392875 0.8884673 1.1893431 1.3910703 0.9860870 1.1090589 1.0474185 1.0740477 1.0868789 1.0779573 1.0542764 1.0137963 1.0343568 1.1518315 1.5360159 1.4080665 0.8934762 1.2794992 1.8984711 1.9401469 1.8141860 2.3054568 2.1118962 
Eleutherodactylus_nietoi           1.2708050 1.0412613 1.2230024 0.8222691 1.0155553 1.3940459 1.3746318 1.2802308 1.1170967 1.6529806 0.5631577 0.6101467 0.6023964 0.5079085 0.7673122 0.3270100 0.3204082 0.0000000 0.3783957 0.3922043 0.4218079 0.3598288 0.4190204 0.4633065 0.7413361 1.0670763 1.1639103 0.7240718 0.8664839 0.8744368 0.8703714 0.8642096 0.8119088 0.8835207 1.0131881 0.9836097 0.9791311 1.2652355 1.2451305 0.9153985 1.0775187 1.7407675 1.6799077 1.7694217 1.5371698 1.5270011 
Eleutherodactylus_pallidus         1.6241565 1.3208447 1.4511879 1.3670097 1.3940189 1.6881509 1.2443898 1.3615908 1.1751092 1.6825250 0.6698149 0.7977863 0.6273982 0.5848461 0.7147992 0.4282113 0.4568760 0.3783957 0.0000000 0.5086030 0.5400044 0.4274573 0.4527761 0.5554765 0.8273611 1.2288432 1.4612101 1.0981736 0.9160124 0.9303924 0.7945832 0.8809562 0.8326770 0.8025949 1.2477823 1.1701986 1.3538176 1.3221811 1.3051869 1.0541463 1.3900226 2.1052987 2.0199430 2.0120980 1.8141323 1.5345158 
Eleutherodactylus_erythrochomus    1.1603250 1.1513615 1.2894700 0.9026030 0.9606631 1.2702107 1.2453670 1.1790724 1.0364080 1.2624030 0.4914176 0.5765889 0.4451203 0.4240534 0.6321061 0.3470494 0.3545292 0.3922043 0.5086030 0.0000000 0.3982628 0.3666079 0.3705465 0.2694953 0.7294223 1.1524045 1.2228708 0.8210286 0.8509039 0.8787421 0.7813859 0.8112064 0.8264469 0.8085585 0.8782796 0.9415214 1.0875655 1.2016293 1.1024713 0.8584945 1.1571880 1.6219460 1.6120392 1.5327229 1.5666479 1.4962905 
Eleutherodactylus_syristes         1.3636092 1.2006888 1.3191573 1.2606560 1.5404592 1.5234269 1.4342425 1.7321411 1.5208596 1.9861769 0.5992870 0.6151226 0.5094226 0.4519460 0.6103842 0.4635146 0.6687908 0.4218079 0.5400044 0.3982628 0.0000000 0.1673546 0.2569772 0.3830769 0.7647716 1.1021051 1.2634874 0.7301086 0.9743155 0.9923880 0.8630723 0.8823769 0.8510983 0.8926476 1.2158658 1.0605943 1.2218275 0.9030855 0.9010308 1.1025183 1.2729550 1.8872846 1.7203066 1.8047236 1.5172785 1.6564016 
Eleutherodactylus_maurus           1.4553285 1.1629148 1.4103984 1.1555437 1.3249043 1.5403482 1.1668639 1.2354537 1.1085572 1.4434929 0.5406030 0.5485852 0.5176399 0.4690742 0.6436972 0.3940071 0.4871570 0.3598288 0.4274573 0.3666079 0.1673546 0.0000000 0.2130649 0.3317346 0.7685543 1.0294280 1.3037407 0.7309573 0.9408331 0.9319151 0.8572048 0.8466431 0.8476356 0.9137758 1.1145930 1.1204258 1.1122944 0.9447303 0.8413573 0.9193698 1.1009689 1.5519295 1.5899499 1.5092233 1.3467691 1.2939788 
Eleutherodactylus_nitidus          1.3119436 1.0904343 1.3142269 1.0586241 1.3190334 1.2278365 1.2296612 1.4188607 1.2395132 1.6002363 0.4869747 0.5099180 0.5177767 0.4280410 0.5642903 0.3910089 0.5255088 0.4190204 0.4527761 0.3705465 0.2569772 0.2130649 0.0000000 0.3952787 0.7657545 1.0355794 1.2923108 0.7789747 0.9027235 0.9208937 0.8511462 0.8269440 0.8279775 0.8540273 0.9718246 1.1572643 1.0175215 1.0143149 0.9442118 0.9996485 1.1001298 1.6545562 1.6547870 1.6907242 1.6119662 1.6725632 
Eleutherodactylus_rubrimaculatus   1.1928147 1.0698011 1.1930661 1.0553999 1.0913435 1.1716951 1.2709956 1.0457262 0.9346532 1.2151090 0.5374292 0.5354383 0.4632388 0.4538222 0.6115953 0.4297215 0.4392875 0.4633065 0.5554765 0.2694953 0.3830769 0.3317346 0.3952787 0.0000000 0.7411578 0.9131393 1.3441480 0.8889295 0.9881029 0.7707939 0.8368960 0.8757000 0.8754338 0.9162267 0.8278904 0.9719602 1.0505339 1.0966836 1.0348414 0.9182383 1.0873477 1.6163400 1.4933121 1.5051509 1.5425361 1.4933028 
Eleutherodactylus_planirostris     1.0508579 1.1819071 1.2230794 0.8991997 0.9719963 1.1375195 1.0767144 1.1859266 1.1145427 1.2609041 0.8798389 0.7357525 0.7568662 0.6866844 0.7580352 0.7601764 0.8884673 0.7413361 0.8273611 0.7294223 0.7647716 0.7685543 0.7657545 0.7411578 0.0000000 0.8803337 0.7385644 0.3360901 0.3391914 0.3173241 0.3312159 0.3270266 0.3270510 0.3291109 0.9071779 1.0739420 0.9104050 0.8876316 0.8093547 0.9458013 1.1284167 1.7643135 1.7622952 1.9260837 1.8614033 1.7280732 
Eleutherodactylus_coqui            1.1187140 1.0274060 1.2444898 1.0507858 1.2276020 1.1250150 1.0415650 0.8965579 0.9905505 0.9358922 1.1385300 1.0238049 1.0307549 1.1620302 0.9427732 1.2589909 1.1893431 1.0670763 1.2288432 1.1524045 1.1021051 1.0294280 1.0355794 0.9131393 0.8803337 0.0000000 0.5885559 0.8352280 0.9346393 0.8464946 0.8994134 0.9035101 0.9234026 0.9076439 0.4970174 0.5273795 0.5675532 0.9100685 0.9294636 0.6766269 1.0122385 1.2976867 1.1353567 1.3537862 1.6345245 1.3876153 
Eleutherodactylus_johnstonei       1.1209455 1.2046215 1.2356338 1.0563796 1.3043800 1.0225625 1.3127230 1.0299338 1.2009204 1.2514579 1.4217803 1.0958770 1.0931824 1.1873514 0.9651171 1.3863599 1.3910703 1.1639103 1.4612101 1.2228708 1.2634874 1.3037407 1.2923108 1.3441480 0.7385644 0.5885559 0.0000000 0.7913801 0.8965553 0.7465109 0.8279935 0.7958655 0.7808802 0.7856919 0.5738529 0.5839578 0.6155379 0.9382839 0.9969617 0.5282586 1.1447391 1.6986651 1.5475007 1.7205539 1.6078146 1.3677429 
Eleutherodactylus_atkinsi          1.0266652 1.0936229 1.2354148 1.0447205 1.2753036 1.1063839 0.9084818 1.1312087 1.1474292 1.0435044 0.7530041 0.6863230 0.7770693 0.7224172 0.9151653 0.8715304 0.9860870 0.7240718 1.0981736 0.8210286 0.7301086 0.7309573 0.7789747 0.8889295 0.3360901 0.8352280 0.7913801 0.0000000 0.3067283 0.3339609 0.3381043 0.3052272 0.2898230 0.3327966 0.7406497 0.8901181 0.8018683 0.9973195 0.9105435 1.0141032 0.8680034 1.4547554 1.5994017 1.4177968 1.8361925 1.6110741 
Eleutherodactylus_cubanus          0.9767171 1.0298214 1.4250097 0.9902007 1.1590925 1.1903179 1.1529468 1.1073534 1.1768627 1.2303227 0.8829229 0.8079017 0.9340964 0.8323263 0.7944091 0.8593247 1.1090589 0.8664839 0.9160124 0.8509039 0.9743155 0.9408331 0.9027235 0.9881029 0.3391914 0.9346393 0.8965553 0.3067283 0.0000000 0.2537582 0.2258377 0.2060980 0.2264566 0.2213209 0.8524324 1.0100843 0.8877400 1.0495012 1.0447001 0.8875518 1.2668169 1.2683547 1.1660341 1.3007844 1.5383553 1.4191373 
Eleutherodactylus_etheridgei       0.8535256 1.1317359 1.2366934 0.9985899 1.1423939 1.2182659 1.0963896 1.1505863 1.0591972 0.9411313 0.7845248 0.7444487 0.7769401 0.7307004 0.6237521 0.9400024 1.0474185 0.8744368 0.9303924 0.8787421 0.9923880 0.9319151 0.9208937 0.7707939 0.3173241 0.8464946 0.7465109 0.3339609 0.2537582 0.0000000 0.2658882 0.2436705 0.2292264 0.2513940 0.7845024 0.8799837 0.8309016 0.8934837 0.8602201 0.7005238 1.0040504 1.3125045 1.2938863 1.3001405 1.5679551 1.4696667 
Eleutherodactylus_iberia           1.0880112 1.1448191 1.1194620 0.8857113 1.2083617 1.1912388 1.0835587 1.0863862 1.1207568 1.1664628 0.8380945 1.0100376 0.8461798 0.7765641 0.7853792 0.8865526 1.0740477 0.8703714 0.7945832 0.7813859 0.8630723 0.8572048 0.8511462 0.8368960 0.3312159 0.8994134 0.8279935 0.3381043 0.2258377 0.2658882 0.0000000 0.0897042 0.1023182 0.0448519 0.8089285 0.8994038 0.8275104 0.9996271 0.9668592 0.8193741 1.0486175 1.4760746 1.3797741 1.4590916 1.4529755 1.4032616 
Eleutherodactylus_jaumei           0.9792459 1.0481068 1.1943716 1.0072613 1.2649550 1.1875248 1.0643506 1.1006412 1.1546685 1.0647609 0.8857441 0.9659432 0.8094676 0.7865038 0.7685627 0.9177346 1.0868789 0.8642096 0.8809562 0.8112064 0.8823769 0.8466431 0.8269440 0.8757000 0.3270266 0.9035101 0.7958655 0.3052272 0.2060980 0.2436705 0.0897042 0.0000000 0.0421024 0.0856946 0.8082208 0.9015344 0.7730355 0.9690932 0.9383242 0.8767227 1.1362884 1.5251577 1.3443584 1.4904315 1.4427073 1.3135605 
Eleutherodactylus_limbatus         0.9341303 1.0426460 1.1806575 1.0073252 1.2650335 1.1671883 1.0681464 1.0603453 1.1844988 1.0465341 0.8816859 0.9392277 0.8454098 0.8045699 0.7400457 0.9511045 1.0779573 0.8119088 0.8326770 0.8264469 0.8510983 0.8476356 0.8279775 0.8754338 0.3270510 0.9234026 0.7808802 0.2898230 0.2264566 0.2292264 0.1023182 0.0421024 0.0000000 0.0811586 0.8109487 0.8972303 0.7901752 0.9147393 0.9154770 0.8986077 1.0784376 1.5914726 1.3680069 1.5451472 1.4324165 1.3178241 
Eleutherodactylus_orientalis       1.0381633 1.1218518 1.1508765 0.9579552 1.2149351 1.2054701 1.0980304 1.1388198 1.1657155 1.1199854 0.9214073 1.0377587 0.8840894 0.8265334 0.8239599 0.9157413 1.0542764 0.8835207 0.8025949 0.8085585 0.8926476 0.9137758 0.8540273 0.9162267 0.3291109 0.9076439 0.7856919 0.3327966 0.2213209 0.2513940 0.0448519 0.0856946 0.0811586 0.0000000 0.8210212 0.8933216 0.8014046 0.9691897 0.9518962 0.8018961 1.1058857 1.5731190 1.3702051 1.5773368 1.5187760 1.4301921 
Eleutherodactylus_principalis      0.9133294 1.0629795 1.3148922 0.9860903 0.9688514 1.0538939 0.9139634 0.6855761 0.8237965 1.0117275 0.9185022 0.9859381 1.1273343 1.0979924 1.0037177 1.1956581 1.0137963 1.0131881 1.2477823 0.8782796 1.2158658 1.1145930 0.9718246 0.8278904 0.9071779 0.4970174 0.5738529 0.7406497 0.8524324 0.7845024 0.8089285 0.8082208 0.8109487 0.8210212 0.0000000 0.2235554 0.3381024 1.1028696 1.1728209 0.3944865 1.0727661 1.5855319 1.5093168 1.5952348 1.2367242 1.2799570 
Eleutherodactylus_bartonsmithi     0.9608452 1.0576054 1.2141038 0.9496430 1.0763652 1.0745620 1.0050921 0.7331607 0.7777263 1.1450495 0.9075528 1.0098065 1.0625661 1.0423195 1.0767788 1.2040224 1.0343568 0.9836097 1.1701986 0.9415214 1.0605943 1.1204258 1.1572643 0.9719602 1.0739420 0.5273795 0.5839578 0.8901181 1.0100843 0.8799837 0.8994038 0.9015344 0.8972303 0.8933216 0.2235554 0.0000000 0.3743587 1.0915616 1.2570320 0.3518782 1.1726590 1.6662945 1.7513922 1.6399153 1.2575452 1.1843349 
Eleutherodactylus_glamyrus         1.3091733 1.2879920 1.4014597 1.0089801 1.2721374 1.2830528 1.0199652 0.8813797 0.9903941 1.0563447 0.9642790 0.9953490 1.2656060 1.1727511 1.1231745 1.2615143 1.1518315 0.9791311 1.3538176 1.0875655 1.2218275 1.1122944 1.0175215 1.0505339 0.9104050 0.5675532 0.6155379 0.8018683 0.8877400 0.8309016 0.8275104 0.7730355 0.7901752 0.8014046 0.3381024 0.3743587 0.0000000 1.1514797 1.1957653 0.5281640 1.1724256 1.6649130 1.7182733 1.7604589 1.5011440 1.6152152 
Eleutherodactylus_mariposa         1.0151361 0.7777469 0.9490318 0.9170046 1.0663652 0.9676724 1.1476353 1.1721377 1.1054665 1.1979643 1.3019846 0.9170031 1.0008711 1.0746203 1.1548137 1.1899046 1.5360159 1.2652355 1.3221811 1.2016293 0.9030855 0.9447303 1.0143149 1.0966836 0.8876316 0.9100685 0.9382839 0.9973195 1.0495012 0.8934837 0.9996271 0.9690932 0.9147393 0.9691897 1.1028696 1.0915616 1.1514797 0.0000000 0.0791009 0.8693091 0.7671045 1.4060312 1.3658433 1.4265908 1.2002551 1.0654551 
Eleutherodactylus_ronaldi          0.9869303 0.7335189 0.9142462 0.9678358 1.1084936 0.9750368 1.1470247 1.2054061 1.0818972 1.1187335 1.3701946 0.8971180 0.9944738 1.0998437 1.1543009 1.1178715 1.4080665 1.2451305 1.3051869 1.1024713 0.9010308 0.8413573 0.9442118 1.0348414 0.8093547 0.9294636 0.9969617 0.9105435 1.0447001 0.8602201 0.9668592 0.9383242 0.9154770 0.9518962 1.1728209 1.2570320 1.1957653 0.0791009 0.0000000 0.8690790 0.7621175 1.3546133 1.2787079 1.3746705 1.2492083 1.0608384 
Eleutherodactylus_eileenae         1.0241162 0.9471055 1.2917993 0.9309963 0.9887527 0.9953023 0.9592926 0.7802446 0.6941191 1.0248131 0.8861414 0.9765930 0.8801449 0.8448152 0.9177258 0.9567905 0.8934762 0.9153985 1.0541463 0.8584945 1.1025183 0.9193698 0.9996485 0.9182383 0.9458013 0.6766269 0.5282586 1.0141032 0.8875518 0.7005238 0.8193741 0.8767227 0.8986077 0.8018961 0.3944865 0.3518782 0.5281640 0.8693091 0.8690790 0.0000000 1.1161976 1.5038219 1.5315326 1.5480321 1.0458448 0.9316764 
Phyzelaphryne_miriamae             0.7043432 0.8420094 0.9453034 0.7316256 0.9757586 0.8499950 1.1437158 1.0995290 1.0707217 1.0718882 1.1499670 0.8044650 1.0738053 1.0601102 1.0698662 1.1819802 1.2794992 1.0775187 1.3900226 1.1571880 1.2729550 1.1009689 1.1001298 1.0873477 1.1284167 1.0122385 1.1447391 0.8680034 1.2668169 1.0040504 1.0486175 1.1362884 1.0784376 1.1058857 1.0727661 1.1726590 1.1724256 0.7671045 0.7621175 1.1161976 0.0000000 1.2940671 1.3564634 1.2518165 1.1621067 1.0471406 
Brachycephalus_ephippium           1.5158089 1.7311882 1.8868655 1.4610515 1.3914323 1.3511525 1.4980053 1.4931318 1.7512223 1.5628631 1.7198181 1.7424181 1.5204392 1.7687726 2.4099024 1.8213930 1.8984711 1.7407675 2.1052987 1.6219460 1.8872846 1.5519295 1.6545562 1.6163400 1.7643135 1.2976867 1.6986651 1.4547554 1.2683547 1.3125045 1.4760746 1.5251577 1.5914726 1.5731190 1.5855319 1.6662945 1.6649130 1.4060312 1.3546133 1.5038219 1.2940671 0.0000000 0.1319035 0.0401514 1.7874066 1.7635559 
Brachycephalus_garbeanus           1.4566718 1.5433411 1.8063611 1.4854313 1.2717506 1.2641205 1.4385148 1.4780754 1.6651993 1.2949467 1.7737783 1.8084124 1.5373103 1.6680737 2.0453450 1.8787187 1.9401469 1.6799077 2.0199430 1.6120392 1.7203066 1.5899499 1.6547870 1.4933121 1.7622952 1.1353567 1.5475007 1.5994017 1.1660341 1.2938863 1.3797741 1.3443584 1.3680069 1.3702051 1.5093168 1.7513922 1.7182733 1.3658433 1.2787079 1.5315326 1.3564634 0.1319035 0.0000000 0.1348532 1.5505493 1.4378415 
Brachycephalus_margaritatus        1.4579221 1.7872063 1.8095286 1.5390172 1.4474687 1.4085440 1.5131418 1.6181477 1.8889730 1.4822705 1.7502183 1.7089192 1.5432875 1.7662193 2.2771712 1.8062563 1.8141860 1.7694217 2.0120980 1.5327229 1.8047236 1.5092233 1.6907242 1.5051509 1.9260837 1.3537862 1.7205539 1.4177968 1.3007844 1.3001405 1.4590916 1.4904315 1.5451472 1.5773368 1.5952348 1.6399153 1.7604589 1.4265908 1.3746705 1.5480321 1.2518165 0.0401514 0.1348532 0.0000000 1.7897339 1.8450230 
Ischnocnema_henselii               1.2743964 1.2612554 1.4388635 1.3131348 1.4257106 1.2076279 1.3368670 1.6590920 1.4024368 1.6463766 1.5105856 1.3276586 1.6541867 1.7507568 1.7336486 1.9822149 2.3054568 1.5371698 1.8141323 1.5666479 1.5172785 1.3467691 1.6119662 1.5425361 1.8614033 1.6345245 1.6078146 1.8361925 1.5383553 1.5679551 1.4529755 1.4427073 1.4324165 1.5187760 1.2367242 1.2575452 1.5011440 1.2002551 1.2492083 1.0458448 1.1621067 1.7874066 1.5505493 1.7897339 0.0000000 0.3102876 
Ischnocnema_guentheri              1.0646022 0.9969352 1.5290455 1.5116538 1.4412803 1.3081777 1.5221994 1.3943691 1.2761029 1.6180634 1.6714455 1.5881509 1.6730497 1.7109550 1.5992465 1.7870400 2.1118962 1.5270011 1.5345158 1.4962905 1.6564016 1.2939788 1.6725632 1.4933028 1.7280732 1.3876153 1.3677429 1.6110741 1.4191373 1.4696667 1.4032616 1.3135605 1.3178241 1.4301921 1.2799570 1.1843349 1.6152152 1.0654551 1.0608384 0.9316764 1.0471406 1.7635559 1.4378415 1.8450230 0.3102876 0.0000000 
